4
1
6
4
8
3
3
1
1
4
8
3
1
2
6
6
4
4
4
4
4
4
4
4
4
4
4
4
4
4
4
1
1
6
2
8
7
5
5
5
7
7
2
5
3
8
7
4
2
6
2
8
7
5
5
5
7
7
2
5
3
8
7
1
1
6
2
8
7
5
5
5
7
7
2
5
3
8
7
4
2
6
2
8
7
5
5
5
7
7
2
5
3
8
7
1
1
6
2
8
7
5
5
5
7
7
2
5
3
8
7
4
2
6
2
8
7
5
5
5
7
7
2
5
3
8
7
1
1
6
2
8
7
5
5
5
7
7
2
5
3
8
7
4
2
6
2
8
7
5
5
5
7
7
2
5
3
8
7
4
2
6
2
8
7
5
5
5
7
7
2
5
3
8
7
4
2
6
2
8
7
5
5
5
7
7
2
5
3
8
7
4
2
6
2
8
7
5
5
5
7
7
2
5
3
8
7
4
2
6
2
8
7
5
5
5
7
7
2
5
3
8
7
4
2
6
2
8
7
5
5
5
7
7
2
5
3
8
7
4
2
6
2
8
7
5
5
5
7
7
2
5
3
8
7
4